2
40
32 0.15260814996233238 1.2706640097550315 0.6606738217974221 0.7147311670695001 -0.4522045133841715 -0.016575725936841493 0.6911499902507774 0.5968654459898955 0.7729010189203768 0.7754856737162469 0.07429406559034599 -0.8318838685730437 0.24367748549400614 -1.0318096743295069 -0.4137744124181341 -0.9441083853327242 0.08729618927745782 -0.7659573788015094 -0.4025381583938757 -0.024876142085701287 0.6520890394624307 0.5732983706479692 -0.5718119774411051 -0.5027296158253475 -0.7506862707670541 -0.031336997995003904 -0.1865576764060567 -0.16105558265730296 0.92797571370725 -0.41909686953829806 0.05684017123306194 0.13379044402767729 1.120381745928006 
32 0.09711369812695296 0.7604905498489934 1.519330761859377 -0.3503114297111345 0.43804331234942423 0.02135540135249969 0.6731146435430666 -0.25059259436029596 -0.03915773406147043 -0.7422491643421114 -0.5181237793482507 -0.879964982363144 0.29999598868684685 0.7618938789554446 0.13670508115531568 0.7588498008338356 -0.029745167714653513 -0.35107247581302053 0.30670290845528575 0.14539355056631809 0.13082431730808916 -0.5627494845765544 0.07595108550561447 0.659910118488073 -0.5276604776400833 0.5858723271377645 -0.3563432667441617 0.53426782326939 -0.5565438140530138 -0.25200483519569794 -0.7944222754545975 -0.34098728408072226 0.04899443469106928 
32 0.8781605576410415 -0.3598655770447088 -1.056954147359405 -0.6131502082300454 0.2218448795467278 -0.20954598993157167 0.4978337692926728 0.7266628074768473 -0.14049095497063124 -0.6750050641837733 -0.0388448254331123 -0.5265459012087919 -0.13811408135158493 -0.758546157541732 0.21028522095022825 -0.4028216305923537 0.978436693681397 -0.2947770612766463 0.24351724197524213 0.8598018954283303 0.4192532312412427 -0.5270010621131459 -0.744491745366327 0.6384504287627193 -0.16223657375699765 0.5122023866259728 -0.05936288610249895 -0.6876666672312088 0.8360834333089711 0.8716456770428668 -0.5758897251710874 -0.5952773920465929 0.6505206859734831 
32 -0.10069152141405388 -0.9879486422603997 -0.8597559056445095 -0.5055245506987327 0.972487798430594 -0.9839244717290467 -0.5651938158880622 -0.013780910586763393 0.5240875788793005 -0.28455178325814506 0.07611012646115316 -0.7206443380543416 -0.44514514903925245 -0.2678424498158484 0.03824277144956031 0.0011497808887058515 0.7148264196188885 -0.0827283899192839 0.6016091068208763 0.5780454186967813 0.010165493504513717 -0.46373183374055077 -0.6405421719725893 -0.3705344761045016 -0.1531231385404555 0.5696069927467627 0.5680786192980919 0.27108128451367075 0.3299659228893566 0.264482654343627 0.3140074981728977 0.680780668744277 -1.3943390958378294 
32 -0.7210185030133942 -0.7570749215697931 0.0886202938166097 0.039476278385318954 -0.6258409379452355 0.5187433475072893 0.7175347906436084 0.757776910848518 -0.6128651395872713 0.524486910380764 0.4799944468159603 -0.622126199137323 0.6219731796745918 0.18492448478429338 -0.10603233817002265 -0.29999084144939625 -0.6398445567089395 0.6628491585815862 0.47809431516717615 0.18292882606581604 -0.16315707910252647 -0.0344259975545543 0.010881848005479916 -0.285403436769624 -0.1868994804440833 -0.06658016888555332 -0.553061343369572 -0.15395752924930894 0.580200080316087 -0.3328286663308474 -0.1978487432446396 0.6025332815190279 -3.0163010908825214 
32 -0.01211698316467422 0.05179999725603695 0.6341905077127207 -0.9759198897510073 0.32512694341722914 -0.6260163480386596 0.7420408897577437 -0.6800648573443276 0.6272116445048329 -0.8285407161193176 0.4772720153415245 0.46384231958121663 -0.3349190486359801 0.08886022881708446 0.8803811264953041 -0.25710498598497494 -0.4184038407105516 0.5059337083252556 -0.5619491193802347 -0.2848278815754482 -0.9657254385137628 -0.7151701596631431 0.9292064668180922 -0.45446550837706273 0.020869540101826223 0.15332313096769248 -0.7839015981774968 -0.4199764885786268 -0.5000726398969875 -0.17268093805277546 0.8519690379208535 -0.9650304021419654 0.32772143847074847 
32 -0.21100973147205862 0.760801102567607 1.6398560079704103 0.27253216350474885 -0.49010274331364073 -0.7488917085696255 0.335807589952953 -0.5729021936871088 -0.49821683752171153 0.7395191091087112 -0.665536572469196 0.2636529577154455 -0.5897949196053137 0.107095530753274 -0.7593138497909256 -0.09672758174726927 0.016326240361458976 -0.822529308714624 -0.5165019358991946 0.3430734263153957 0.7415967515635119 0.06948916404565693 0.7075834312548821 0.7645955793247694 0.3805418197196853 -0.024518707489597617 0.1592826327565727 0.21458821034115144 0.20463646790141604 -0.2359686864710327 -0.19997856576048062 0.15212293079553152 -2.1187492178798566 
32 0.6601921424992255 1.1585944998371482 1.0284738169989114 0.8677393048405226 -0.5307754305748305 -0.844447039295011 0.39406866344409275 -0.09255450174343269 1.1032032809121741 -0.005719877251751267 -0.5560166695402211 0.22859166810678533 -0.3819590677605509 0.6635119237492452 0.09925669280259251 0.6121115006366675 0.655887334996108 0.6281704110922741 0.3743461023510053 -0.5943237646036289 -0.4180261373054642 -0.1743294149014472 -0.1626296276126214 -0.3221705910919125 -0.09835681437937994 -0.6513876099343413 0.44909448978041483 0.5081143614087371 -0.5088088681534472 -0.048124283605323274 -0.24980225273390355 0.10855029005801838 -2.222593158728681 
32 0.3903216390070099 1.176991006729816 0.18467009011049493 1.0720296187813634 -0.07533473015402554 0.9212229543006129 -0.17055670647720506 0.6800578892633344 -0.48227381589597945 0.15684286815564785 -0.08326979409503092 -0.9882644171166941 -0.7512796466028198 0.4387548568058114 -0.7146497253192475 0.37899879934002406 -0.024477855303905657 -0.3017251108891471 -0.8916188060027426 -0.4792951488911947 -0.06205745978882484 -0.23117286675205895 -0.3990053440373204 0.03519781098839225 -0.3492468141185181 -0.22783054064287733 0.3947839864207396 0.3935401585988143 -0.643169328344386 0.5559525945516673 -0.3074761519954824 -0.22974550082151957 0.07312344749025919 
32 -0.29014480419734645 0.42540304862692413 -0.7054951181069162 -0.8291920059461 -0.711899860174832 -0.1904524198624536 -0.5285965425710262 0.004475792480211359 0.4118226433014731 -0.7703384006773638 0.7579463947876789 0.5090262965351939 -0.16091842245310442 -0.24211249123005252 0.7526805037128718 0.48700970912368763 0.5665318688064785 0.2863901881537442 0.38617358641285254 0.45302962830306637 0.20764010939711874 -0.0960465710575712 -0.19312063704493718 0.01640634043437393 0.4522334816372718 0.6283893891347466 0.46726001341441775 -0.24483059593025608 -0.6323112300683954 -0.19471537338742526 0.05977489214010882 -0.9901807265013899 -2.2553025994910736 
32 -0.4479666429665471 -0.8315202299519301 -0.5858720821243187 0.45294742460972803 -0.5999914875313798 -0.6673297721676985 0.2296738640394831 -0.15048195389785246 0.3229497293172287 0.7725121885509629 -0.6781855068096131 -0.7740115230780583 0.447506952984484 0.44395728466123513 0.2712847634482946 0.7903742883304267 -0.8719256757573121 -0.8611218774008476 0.5885182258160963 -0.8717852916421216 -0.07686082969828631 -0.02654745627963225 -0.534421618181672 0.8734059343719811 0.555066636390159 -0.7790499468058015 -0.5924951921214168 0.6641015321506698 0.9038775284575155 -0.8347486979292676 0.14019375183435745 -0.8406603654141531 1.3885507382489992 
32 0.4417142815141127 0.08452634063250768 -0.8288801414443132 -0.6229715809170535 0.11798193853628602 0.6270840216658198 -0.5476558033418202 0.8313240933576425 -0.4197267151923391 -0.9359872858181774 -0.7562726195260494 -0.37716222596017585 0.780086647258845 -0.053480954472952064 0.058646475405480375 0.6487008817103905 -0.26858095958336003 0.7520996080547993 -0.9626752844631582 0.5394933125961625 -0.3799450357431373 0.7287359367938075 -0.6850249090437125 0.26409388730399513 -0.7277918941331387 0.2637935604021928 0.6232188758914166 0.21304185916610832 0.7474639128115084 0.3522476040854393 -0.659088078519643 0.760483998415975 -1.8946103009890825 
32 0.5296973826211512 1.0876865020625144 1.5139048293387691 -0.6466895318052268 0.6575476083954319 -0.7626918600853032 0.26748976043999473 -0.44239453297752945 -0.80987932427985 -0.7417002550336617 -0.038487644705584335 -0.19132327085474762 -0.31378210926733086 -0.18618266427656532 0.5724278659402491 -0.17427765243095414 0.5265869007133381 -0.17335664976144857 -0.07599929151971938 0.7424904708164177 -0.2626915767734544 -0.7748902279521849 -0.05337677143888116 0.6520190525309275 -0.16809918761922532 -0.4797418538814306 0.6513878615540769 0.3635350362015801 -0.2734972729687452 0.7219861293883646 -0.023297349619379893 -0.12831082915165593 1.0967518601941972 
32 -0.26945943436570086 0.21551566840362657 -0.14472719992408695 0.11975433635378598 0.8190679358856923 -0.587008779304757 -0.8874098935674026 0.6314376729666015 0.12198921419673484 -0.7358577045235203 -0.04893911194765222 -0.6546177259840699 -0.14559186772125643 -0.7456551619747538 -0.8115412071492827 0.2699868741874565 0.323142980002496 0.16989724583858737 -0.7459011834671073 0.7609322188314395 -0.25434876234806586 0.6806011430831121 -0.7532523016588053 -0.18358382709920656 0.7971434159731331 0.5253637195585547 0.5876659747987885 0.18370458435931286 -0.23625808506509746 0.14446649976556816 0.8334612610159101 0.016778894823385685 -2.086761660876836 
32 -0.15156913387748067 0.14084284223518817 0.6354699268415424 0.2624205098945046 0.2725295135249563 -0.3697174734135951 0.6047088937145128 0.10037646895949906 0.23283631928365908 0.6259326351974986 -0.04943548628343718 0.8147270256254977 -0.23641129123217072 -0.5318877379031222 -0.2013646315002819 -0.05419396491021914 -0.6754708968934542 -0.7323437455575299 -0.3167240998583998 0.7761854861981519 0.6706975273338899 -0.6628726541244129 0.7144604112445934 -0.6187940872190085 0.775995956688802 0.21967973481299896 0.010083799286433342 -0.9199898033099511 -0.7062538419132971 -0.5261376499379893 0.5600723706170772 -0.64354131318182 -1.5550861055346925 
32 0.33926989149544673 -0.9771432973678823 -1.1802517476518148 0.2044865440714026 0.5314993447702205 -0.10135333050509651 -0.5719311086118208 0.39196567596984916 0.8389821339780534 -0.22861205015099723 0.9992557821252083 0.7519347681203892 -0.1349672799907422 0.3861434460371717 0.08563355727435058 0.5491257039024138 -0.12114009680365292 0.9527805284946 -0.8067000190236114 0.7500057431443857 0.8511963059008304 -0.36698115799669306 0.5777388051480996 -0.8413971769889609 0.058163562328436454 -0.7409102390845019 -0.5702555533663831 -0.3894057122426695 -0.4155272373132243 -0.4809745045018041 -0.4726607582968039 -0.6100352192778519 -0.2622977318852917 
32 0.8156596881534607 -0.43139095688120704 0.04407044103289519 -0.14269559004572388 0.4507735402294256 -0.4497122438368374 0.2121430424471094 -0.8976302681511539 -0.3504191593469998 0.10175610885642376 0.15497303344151162 -0.9900523268473178 -0.981910350791872 -0.2818293560905218 0.22729887305032725 -0.588337369247286 0.024988948520305327 0.15458986353661272 -0.8740191081741704 0.19920519852030238 0.27597225877793885 -0.5256046512325188 0.1905873574546431 -0.026500221736106826 0.07801441873983853 0.8209073392849846 -0.7877968318883405 -0.4732392089445087 -0.440233804326979 -0.7244404035232115 0.5755512639702989 -0.6250921101587428 0.3445888457271788 
32 0.31938072641487275 -1.2725969956292507 -0.7316122466247795 0.4273551052933925 -0.5322572848887375 -0.2212227507334872 0.8943355807461137 -0.6713624565927259 -0.058123821336068304 0.5943588901143013 0.32165161855862223 0.5508959466879739 -0.017178334885005753 0.22204900514463694 0.5039871978163514 -0.8663270972849575 -0.07461309399265707 0.6959770089426189 -0.27581638023565663 0.5556069570873793 -0.09826787334746162 -0.2855313411678028 -0.44839275629379466 0.4837383141356282 -0.5860378007705542 0.4612840392129414 0.17106158901312346 0.8497081489420604 -0.4765936321124164 -0.7242605314100703 0.2638531452983813 -0.1768432554125077 -0.3456936894410049 
32 0.4358367956921012 0.46619002027891804 -0.723984074558081 -0.5678387168953696 -0.37335079818910405 -0.6255393930327364 -0.2972857609974649 0.6904532685502905 -0.6298098001753784 -0.6599176591289577 0.3140119058955278 -0.33927686996119394 -0.39293223341151673 0.11153571771934344 -0.5453806570729943 0.050919182355200945 0.1019997312950462 0.7477862432734066 0.3492890570287119 -0.3842180434976108 0.26302176741344474 0.21861870274691275 -0.0709960980855627 -0.2111624886652877 0.4054655444379189 -0.002385983149987589 0.06201604222644057 0.37961851681489756 -0.022546665366265452 -0.6893657747776986 -0.16552102818663053 0.5547589572051465 3.5314775655496704 
32 0.5180533370769678 -0.6148624630738143 -0.7257885098751425 0.1217803066752347 0.9324517594593877 0.7679137440470045 -0.2763458489798084 -0.5705141782805327 -0.24220753593859962 0.79318694830873 0.7966219695757464 -0.5537551597321205 0.4165713007348805 -0.7494704873887522 0.46397089707059114 -0.7820720329474127 0.8382867687104966 0.03056196504622328 0.42396737101059545 0.5249103967524584 0.4018738727513233 -0.5797342745025457 0.7981281853433088 -0.12270402788521953 -0.27374259191609895 0.5701757838679872 -0.44902298439216254 -0.7068508674337276 -0.7722767724796148 0.6362562772282973 -0.7549046459367759 -0.5113646084318759 1.8505342015248305 
32 1.121567514298574 1.6275378055075829 1.577176538430885 0.09644108785803314 0.30340245472339616 0.12070983660478164 -0.4606314814758402 -0.17316032977958262 -0.3608113115731411 0.36363274575195165 0.3533794241506616 -0.6401557372755714 0.3905406827432169 0.0456554994325502 0.15736539934299923 -0.9016406878324162 -0.6853233335510335 0.46735035636653444 0.8864237332689868 0.15680554564936175 0.31009462793531833 0.20548775323253055 -0.879151987564209 0.4032534606946497 -0.4160647376843056 -0.7519441954559545 -0.15010956654356272 -0.3008430567780306 0.683758047550603 -0.045467766293110896 -0.34610200979814765 0.4040871255966187 0.48656988117105626 
32 -0.11345234725585669 -0.6587296961304236 -0.9935471242007425 0.5333153433202035 0.35831109932219957 -0.47821035757710434 0.6028458742743098 0.10659909326573191 0.25210181655976205 0.5769435464135438 0.17159588169441325 -0.0958269241195403 -0.6477155261676939 -0.23856156669410572 -0.6156470135700373 -0.291996851032581 -0.7278188544946794 -0.7065026957330092 0.4576066454259489 0.47920033348980784 0.018933608085559717 0.7797880190650588 0.6796811402727645 -0.9016351768014178 -0.5769472856285386 0.14257787426705215 0.7261082859396117 -0.08018350594517756 -0.20766600289647874 -0.6930084485039643 -0.36701449735744585 0.970478982988544 1.7123751777512477 
32 -0.6572746715580134 -0.3158500535858773 -1.0143608198392555 0.20524633555638588 0.8128863812994411 -0.014606188447804043 0.4397094845859236 0.5176958513391331 -1.0185088335203223 0.016917585874099677 -0.01775907826039048 -0.8563379636553353 0.48352264095549696 -1.0741779070767634 0.774995330082334 -0.8884744106174538 0.776150111295889 0.6892828446267271 0.5654057355327942 -0.8112445769131355 0.9555309954451207 0.7808391619101009 -0.16924513395226734 0.16578494144194644 0.05161573928039409 -1.0674777853341746 0.26147070280579254 0.8217172908898794 0.2743474852953909 -0.6592280781440143 -0.5105121412555427 -0.5440965323232907 -1.2646073925666628 
32 0.8396558160399257 0.4597843245974708 1.406620416159834 0.9709812421170887 0.610682716920459 0.17499706162833115 -0.0018395314219393274 0.06013991913650647 -0.13670044961670136 -0.7015996242482767 -0.18695753175921717 -0.163024246839754 -0.5702841900698185 0.6312334952229991 -0.12184963744433874 0.5806473278929527 -0.7030639287304888 1.136774072166817 0.2672953875386892 -0.6735263154355228 0.7155110073450643 -0.8006637502309429 -0.3014087959632729 0.12186910881444625 -0.09462549684615836 -0.1969929813118929 -0.5735804921259459 -0.13576407547161282 0.34984521825584536 -0.10399841672500207 0.6745770989131372 -0.7552014141410058 1.1345477186466317 
32 -0.42363225835973994 -1.795053540261535 -1.8049740864660653 0.7262196888136878 -0.3756273215996459 -0.03901735196718255 0.41210549175677297 -0.24258953152675722 0.36538391170825174 -0.07012669918095031 -0.5991624512284486 -0.31663352381419246 0.32158926236389723 0.7598520427657489 -0.598992723705523 0.4953571321904968 0.08030007607842879 -0.04195124300117198 -0.3897220484797299 -0.18620049482504433 0.47084905095337226 0.046558227791015684 -0.4469485484048551 0.42028484731076343 -0.4558708390196854 -0.5369660037738853 0.6938379164043845 0.027137456006112358 -0.1310479936002166 0.5764526986841664 0.06918275322558458 0.1743380578141977 1.1403344064886354 
32 -0.6158789730343887 1.4693960872757188 -0.08002164989565667 0.7038824113423473 -0.429079100633055 -0.05026899439693886 -0.4223823419810437 -0.26828511942700883 -0.8093193764393696 0.28204470844518625 1.068287350418498 0.3368646571829725 0.29526990311095347 0.5963692282217481 0.7665098835285167 -0.8537915159051634 -0.28003035189345843 -0.9200858376950389 -0.45004208213781866 -0.1876270895384031 -0.5899525047427663 -0.441272974520128 -0.4632409446132352 0.835021361191138 -0.1380004395188039 -0.07085831725585642 0.5836852307427896 0.4106782706018299 -0.16468628349385642 0.5141340264426616 0.21068302385364748 -0.525265465316718 -0.782179267531253 
32 0.44468525924380403 -0.9615914344687373 -0.8698104254808601 -0.14328021704572164 0.00537848577620837 0.2340848179912141 0.9779471225989552 0.36369730294269853 -1.0467463773522034 -0.9439701474477645 -0.8465085268923487 -0.8418942460746884 -0.9772901989968859 0.2077783381124308 0.8368265770648912 -0.3900939407709302 0.24458127233374757 -0.6901497339066501 0.15494494229133024 0.6927769795995696 -0.9553573622304022 0.07535346573032457 0.4949891348020745 0.8222324278845838 -0.33656811860234565 0.6171585729165064 0.07198710610371886 0.020053133180915797 0.6033878270489331 0.22078748798737993 0.6047902943159611 -0.747557532879699 0.30657507630539904 
32 0.6183189514484705 0.5918870710160806 -0.6659543185543657 -0.7733155088291004 -0.5301576222314588 -0.5082817142818952 -0.20633853054280415 0.2236417874862729 0.8922613483450862 0.6512470108128355 0.4938612346624004 -0.8247726098726867 -0.7984837699110942 0.7866131204969222 0.4611331438908514 0.1773472752781297 0.3550283183342524 0.688791016651149 -0.1623054349265161 -0.1479737874007719 -0.1116392643952822 -0.655648434185966 0.7608270303616663 -0.05519013201331702 0.006040507958272975 -0.10050232363364006 -0.07601158062609248 0.738585866995349 -0.7619355999138016 0.9566380740389078 0.6730358149324024 0.1367554064576993 0.6424030263088885 
32 0.6739734125802225 0.5601697008868476 -0.10335552690209425 0.15154247132499388 -0.10693450880483789 0.06445137839771195 0.5699234215147078 0.10688527753747612 0.799105312944991 0.5436799927029292 0.020551611831198198 -0.5701440871641174 0.04543964198602641 0.550259125570212 0.5930407023277627 -0.6163397258323182 -0.3573236275522314 -0.5753579896391396 0.24004805573830768 -0.27434583669060664 -0.19869344032748737 0.6796088727935301 0.8777649289169416 -0.5010617486612899 0.2866748828371042 -0.46116792759449515 -0.5418217716771094 -0.42970396901569474 -0.14758515880284354 0.9329112236542345 0.16042815843380623 -0.7591782796888614 -1.2803216313889758 
32 -0.3316036310458919 -0.7288113262433423 -0.5712698908759655 -0.20965675001663903 -0.24988385461482326 0.7450177226417607 -0.6923638699017308 -0.5044722517824628 -0.23311497196564024 -0.8631537243230497 -0.7990132245351608 -0.7496496939907709 -0.8601868494174401 0.5851733943102747 0.27398256070143 0.5986478719463056 -0.5013013140734979 0.4963189539786358 0.04260102751295957 -0.6630853817291327 0.4291810297806082 0.6390447825581616 0.8639854253123347 -0.3257627052113342 0.3739756582274577 -0.8469419840274982 -0.12611649557595744 -0.12016359469578433 1.0243721677024509 -0.7946297735598101 -0.026650606055984172 0.16013846790485062 -0.33273164575882175 
32 0.4894242794386556 -0.022993957936067143 -1.1302726931284612 -0.12271087312409543 -0.5474980753755707 -0.5072705099382967 -0.3089673487579274 0.21141280010799304 0.2119408399225859 0.11116441890205661 -0.2564418380047397 0.6984764548311823 0.25197896501359207 0.7072912707964156 0.35960112711647796 -0.6128614686620237 -0.17497594680713333 -0.15085701064418797 -0.0025191714985911555 0.008452976953380806 -0.2565841795578377 -0.383853670944651 0.3178882522164199 -0.1074541400649282 0.38411785129794557 -0.21041891579496785 -0.062218135369728006 0.14974838463089118 -0.2721231271706433 0.3450039724816883 0.18518342021790318 -0.5933770853348037 3.161786111879124 
32 -1.3184357218198344 -2.0853370316426654 -2.419782353837077 0.5994901317039671 0.05300957747379287 0.12108480136626397 -0.11541587435443877 -0.034078046167291765 -0.3274378677193128 0.6396898533644095 0.19076021546548072 0.06098892399376974 -0.49911477699041945 0.2934861136450603 0.11632321783283657 -0.5742912348336672 0.06758072956795591 0.5919052552744909 -0.19019425802039008 0.3199045422075267 0.016938111796545127 0.2677429308735174 -0.5454656246135051 0.19941907661631805 -0.2974236955689723 0.07343343913307002 0.22366098685911237 0.5535877383812536 -0.4649343221564234 0.6133858632721201 0.14239195582255806 -0.05787612780054576 -0.619950545087516 
32 -0.5596042154542872 0.8680520099041392 1.6201986043985341 -0.6822628111002862 -0.8747017366558827 0.18846127866719395 0.13852006540559425 0.8355328502187777 -0.24584470434470504 0.8262304485398859 0.06993344459848481 0.15271119792780943 -0.8435027493611966 -0.06562669772918413 -0.16865259437885474 -0.47897194133010557 -0.5249079513111932 0.6207833431311868 -0.6070915813682966 0.277534931347988 -0.35569460748133463 0.4632736171525378 -0.07064094746755399 -0.8002113004734952 0.2757602993605055 0.5459410729991818 0.26194722927919606 0.5105110244862647 -0.8062036259858305 -0.539362283286288 -0.35783246369828803 0.1974433148451245 0.025904851178930818 
32 0.09737407155694995 0.5810619938481069 0.7893497151742855 0.2197119991426235 -0.17944962945953935 -0.3803894178596823 -0.14229397261148233 -0.3523043334655957 -0.5066671699645507 -0.9649170040491388 0.1974206648115255 -0.3609006981209258 -0.7281861622711074 -0.48722554483608066 0.006195161761961846 0.8237559337444968 0.2647681701005361 -0.9761815634681181 -0.6847418722825368 -0.9160911799295486 -0.7063039320917367 -0.1689543332121519 -0.4026701185855489 -0.7701688967678543 0.08382134501039624 -0.7140469866258047 -0.5861672246287576 0.7019621690007007 0.7189623020709076 0.043238527555830214 -0.35427558999518544 -0.6104386335200601 -0.49589972576894886 
32 0.4772872909688662 0.7733069454554842 -1.1960879965876965 0.8507928878343876 -0.05060600907048172 -0.5369903074824726 0.8748315970620596 -0.5545316577626989 0.3253266765592034 -0.09030071003234502 -0.4258984407964729 -0.42642103311473634 -0.416583504001066 -0.7177729471354498 0.7003978992227844 0.6608027200192093 0.49389315837199343 -0.37603063694997535 -0.37163865366070675 0.3687357818086675 -0.7720322521327425 0.3261521261148572 -0.6912966343231635 0.7727196958067608 1.0152686011308953 0.3533729659331601 0.47712181491028516 -0.05293326965372724 -0.761257146494217 -0.31593915354264857 0.34939482525479065 -0.06062751419112668 1.1878864345896274 
32 0.32398916057253235 0.3989192208835504 0.4167227470359814 0.4536912846292347 -0.0824575615868304 0.03550659130959822 -0.949932200882069 0.21891935903109608 -0.176185708967316 0.8341352815094905 -0.41749182944512936 0.40943345534846753 0.9359363849752171 0.059683016746705196 0.11479521861969988 -0.7820938561894947 -0.24203143731550678 0.5585473434216991 -0.898277241303882 -0.752854224311481 -0.8651273026802517 -0.4789059429325603 0.19320464782681096 0.20617523373502683 0.2685213544679582 -0.7873094565163575 -0.018626818650095366 0.41188595668685596 0.8663402030555554 0.7012575415707449 -0.49157386257492897 -0.6593676426887558 1.212779966798464 
32 0.055863805023513326 0.740523823347113 -0.058254194880194225 0.34582725806824116 0.5848644577901866 -0.5109161903305531 0.7139270245900763 -0.0847681921061785 0.15662785689929776 -0.624196738692822 -0.7011247139871736 0.8663561774315179 1.0076476403867913 0.7515402341833765 -0.5633493374108944 -0.8123856954528909 -0.7609149865959167 1.4180164221512775E-4 -0.27416992768911436 -1.0433196774354092 -0.22662779809274827 0.12012885130106295 0.6533762962141023 0.3981153421632838 -0.5594982891974981 -0.7966971856037072 0.22807911082957563 -0.1202257741904105 -0.49083332482227005 0.1287594759810742 0.46394562916344717 -0.7049358444435746 -1.4835076034680381 
32 0.7967502065891564 -1.0998545143483012 -0.2817167846083548 -0.41602053438564335 0.608650920179018 -0.15326687757047538 -0.13475984692975645 0.20269314429372162 -0.7662600361331717 0.44277185512480477 0.3025434135283539 -0.3748498596440632 -0.5925613410502985 0.01575267515041507 -0.6529875431876572 -0.03830316520591749 -0.057543824284149676 -0.9244770783723266 -0.4513499889124464 -0.7835672300271251 -0.19141712276594308 -0.4607496907885697 0.7605631860497488 0.7874792561168027 0.5192632367547544 -0.21734631349135858 0.6209205845296482 1.0910552740483679 0.040266518312918956 0.5059906654083107 -0.46809762799780064 0.4642571381045616 0.7105928912303283 
32 -0.016018733161045195 -0.8951665412559753 -0.14463508841547384 -0.5573311742020993 -0.42928961699791024 -0.16225646023679108 -0.8472532816956568 0.86135947532741 -0.553681672938345 -0.6589374400312926 -0.03053230740423668 0.788306371089327 0.4818561666561375 -0.4253953652845168 -0.7351926664182126 0.9023490107573937 0.570160693865514 -0.03820682658654188 -0.0065726886148023845 -0.08978620308655152 0.44444454929360994 0.8361352898109452 -0.060227333476638736 -0.9337639090666797 -0.3928406960967298 -0.832550351294706 -0.16613673394643796 -0.7397649389262473 0.3372260741102414 -0.4117057141275814 -0.41906006940498564 -0.22485727176063486 -0.5019989270183759 
32 -0.05687692188268606 -0.7206634608972471 -0.9807594592994824 0.6116196053211256 0.5480624143168333 0.028526923282809674 0.4162200954282888 0.07681874179767594 -0.1167668339871969 0.6546828038949446 0.16481536406236347 -0.49582913558950975 -0.5339106979642808 0.5052051553053298 0.147353975758849 -0.5074690113618483 0.007383745160171206 -0.44233513496836296 0.5451416091560735 -0.2163971338388398 -7.563536919335597E-4 -0.8035065526693945 0.2980641935881864 0.8738500950759969 0.14223298764863035 0.28288154956223893 -0.13359185552220557 0.4853460609334004 0.38263142130449207 0.3020597307932657 -0.30234288294900613 0.5921186511833016 -2.741488155019265 
2
40 0.17794038589130606 1.5034862521475745 1.4992089491050313 -1.1341055569724807 -0.9693444768305403 -1.0575444404114644 0.20013203988859365 1.8597571315913108 1.649123641999164 0.9237546211326354 -0.4529102004454439 -1.235524834688293 -0.36733788245047916 2.071581143726404 0.02689898113328927 0.06791683325210814 -1.2673661492900403 0.5226916309877272 -1.4997712579388736 0.015014353416624026 -0.5426292190335817 2.5322972179949574 -1.0618061021916334 -0.46896503780514903 1.2736779642937799 -2.668175457364215 1.0897555302461615 -0.6854062821755442 0.03786203454882943 0.4061635065536524 -1.0705465825295328 -1.1166282758621775 -3.3478291489801113 1.8062287222198736 -0.21744013271146298 -0.3487072750043198 0.22209997905771836 -0.17900142111352646 -1.1667410756364052 -0.262569480707377 -1.4487633837963714 
40 -0.4995227293788649 -1.2287802426888788 -0.23876130516642893 -0.7949124328672623 1.4157461061665775 2.883821977467077 -0.21124899318451953 2.0080507254338995 2.080466584472426 -0.34719483122590905 2.0973048069739786 -0.8350217947641702 1.4295954765705068 -1.1882643590112891 1.5652294773006268 1.2754327029443924 -0.019642837353920334 -0.02158013014841412 0.14606281265915746 -3.378177957162215 -1.2843122861533973 -0.44516281649004685 -1.8614163956023635 1.1789458223044478 -0.9316828844565923 -1.0897050384203457 0.7104416814889855 -0.38915933840663725 -0.2079298063324207 1.2572264565671998 0.3172062686059475 -3.011804333916977 0.8433550548588289 -0.26991592560363736 0.8185435458266256 -1.37535377800996 -0.8829540702975145 1.1847274465987578 -0.2583629772618997 0.4601912578305035 2.95908140011676 
